MST: 
      gestosc: 25 
1v1  
1.367350
5.329072
14.663608
31.846292
57.864936
98.209548
156.528054
1v2  
1.036924
2.307712
3.646382
5.026918
6.567590
8.140568
9.891302
2v1  
6.021040
12.712426
19.287946
25.747640
33.704908
41.624412
49.776540
2v2  
5.977390
12.740928
20.330312
29.505094
43.486450
62.813128
90.702094
      gestosc: 50 
1v1  
1.775184
8.707334
26.107058
59.295744
113.318856
195.229320
315.267242
1v2  
1.083130
2.525042
4.058540
5.733310
7.695530
9.586610
11.875392
2v1  
5.863172
12.252522
18.820858
25.570372
33.756706
42.152006
50.564882
2v2  
5.934770
13.357286
24.167472
42.418778
78.137752
142.525310
253.428272
      gestosc: 99 
1v1  
2.703678
15.499644
48.715058
115.901202
222.072458
393.258050
645.691074
1v2  
1.182830
2.864004
4.780276
7.090602
9.763558
12.560018
15.864528
2v1  
5.697886
12.307640
19.144482
26.323686
35.317034
44.334126
54.155838
2v2  
5.934220
16.436598
40.614048
100.509726
242.265400
501.345102
916.003338
SCIEZKA: 
      gestosc: 25 
1v1  
0.352334
0.765282
1.664748
3.744546
7.414938
13.118288
21.375270
1v2  
0.337788
0.570112
0.719098
0.969308
1.237980
1.558906
1.897066
2v1  
0.564818
4.209546
18.521662
56.696942
132.182466
266.668696
485.988956
2v2  
0.432392
1.514606
4.104874
9.591722
17.570342
30.273172
48.713126
      gestosc: 50 
1v1  
0.466842
1.179638
3.439842
8.287086
16.778314
31.383444
56.053468
1v2  
0.415616
0.614228
0.931496
1.292810
1.767334
2.334646
2.888542
2v1  
0.800432
8.112346
37.389548
111.995448
265.548216
540.263336
986.815386
2v2  
0.601008
2.549728
7.715330
17.800458
34.445916
60.664432
94.047690
      gestosc: 99 
1v1  
0.575224
2.243662
7.574134
18.733394
40.718756
80.403850
174.542188
1v2  
0.428258
0.807276
1.293862
1.923132
2.709194
3.784982
5.792504
2v1  
1.387134
16.133350
73.245442
220.473750
525.733944
1082.008196
2008.755324
2v2  
0.839764
4.527632
15.401134
35.883820
69.282262
119.767420
190.014050
MST: 
      gestosc: 25 
1v1  
1.370384
5.406606
14.605850
31.360470
58.886328
MST: 
      gestosc: 25 
1v1  
1.370320
5.422388
14.683256
31.595058
59.177816
104.896138
161.703400
1v2  
1.037566
2.334716
3.663848
5.047622
6.549220
8.228700
9.741648
2v1  
6.173058
12.882738
19.503540
25.931280
34.669658
42.857502
50.899928
2v2  
6.201086
13.293460
21.204940
30.290054
44.992434
64.677540
95.087892
      gestosc: 50 
1v1  
1.825416
9.037454
26.415706
59.356430
118.144636
196.925808
306.543988
1v2  
1.089240
2.525904
4.081000
5.710970
7.526872
9.485014
11.682642
2v1  
6.088740
12.820452
19.615832
26.642410
34.590482
43.535250
52.441790
2v2  
6.132932
13.969644
25.179014
43.879692
77.609248
138.079520
257.030684
      gestosc: 99 
1v1  
2.720962
15.742980
49.352488
114.414698
220.978404
390.038914
641.478374
1v2  
1.172494
2.849676
4.692682
6.951216
9.437086
12.140702
15.216660
2v1  
5.743788
12.747492
19.753046
27.195520
36.053396
45.467122
55.569414
2v2  
6.126994
16.978228
41.457518
98.022074
245.402328
510.479780
1001.592764
SCIEZKA: 
      gestosc: 25 
1v1  
0.360094
0.768490
1.651110
3.759216
7.368308
12.975340
20.931516
1v2  
0.338574
0.572316
0.699294
0.937666
1.184730
1.519364
2.298550
2v1  
0.567600
4.163838
18.338702
54.652226
128.598032
259.566024
472.591752
2v2  
0.432340
1.522460
3.940286
